17
23
30
31
42
11
46
21
48
3
23
17
14
44
18
35
30
50
36
32
24
12
12
17
14
29
24
23
18
2
39
24
43
49
46
36
25
13
3
32
2
11
43
13
33
5
34
50
41
5
23
26
30
10
7
1
29
2
46
8
35
17
37
45
41
2
47
42
28
44
45
8
16
47
37
33
4
22
15
49
12
48
20
37
16
36
42
38
18
11
35
16
38
12
27
38
24
22
21
10
34
28
11
16
44
11
15
17
10
20
41
45
47
34
34
1
44
19
23
19
38
6
36
43
42
31
6
7
13
12
35
26
5
5
32
27
41
40
37
6
19
43
36
23
40
49
2
16
37
16
31
32
19
46
17
50
24
3
1
37
21
33
23
38
29
7
19
1
26
4
34
30
14
40
25
23
15
22
39
36
39
45
3
46
30
8
40
8
9
29
38
47
10
20
34
44
37
48
49
36
16
31
33
3
35
50
50
40
36
39
48
18
39
28
29
24
17
10
46
2
18
26
12
38
50
6
50
49
33
25
17
21
12
24
2
31
36
11
7
36
23
24
34
36
1
2
16
28
1
43
7
41
29
45
27
12
46
8
13
41
28
30
4
11
5
12
5
39
4
24
32
12
37
36
45
8
10
34
1
49
37
19
31
46
6
33
44
5
25
26
10
15
47
28
4
9
46
43
16
1
36
34
16
47
25
22
11
31
34
10
45
49
37
30
42
35
31
30
47
25
42
9
29
19
42
46
16
8
17
8
3
41
36
23
17
45
24
36
4
34
43
22
24
9
6
20
13
25
3
9
14
11
36
24
20
16
22
23
47
7
32
10
19
39
17
10
42
47
34
21
10
39
42
34
39
48
39
16
14
3
4
41
8
1
11
48
22
45
38
24
24
24
32
14
4
9
21
22
46
4
47
48
8
37
19
44
41
44
31
29
23
4
20
16
25
6
23
15
7
8
41
15
29
36
10
40
6
25
50
21
33
15
44
30
19
28
50
23
12
29
1
8
3
47
30
31
6
12
29
30
22
15
41
7
31
18
31
37
8
30
8
49
26
25
1
33
14
18
27
6
14
40
24
17
30
44
50
33
15
26
3
42
14
35
41
49
49
6
32
3
21
35
6
28
50
36
9
10
31
35
35
1
48
30
34
15
1
15
4
36
23
1
11
31
47
21
20
50
10
17
20
31
41
48
32
29
23
31
5
44
10
1
50
7
24
49
30
4
40
12
39
40
11
10
49
10
47
40
41
47
29
31
40
12
13
4
28
2
16
12
19
5
39
25
48
1
50
32
48
38
20
18
16
17
31
44
42
34
4
14
14
2
3
37
6
43
10
19
37
17
19
46
27
15
9
47
30
28
23
49
1
46
2
44
11
11
30
14
13
28
31
33
22
46
9
43
39
14
31
42
7
19
23
29
26
35
40
8
46
10
44
25
22
10
34
46
23
46
41
17
1
21
45
18
11
49
25
43
25
42
50
33
8
43
12
7
10
1
6
19
3
19
35
9
26
22
8
9
50
1
30
22
6
48
5
5
47
41
4
6
28
28
34
45
13
45
24
17
21
36
38
3
15
5
27
22
34
31
38
30
28
47
10
7
36
10
13
42
23
4
16
16
19
18
26
24
42
45
17
31
50
14
26
44
25
42
6
3
5
26
43
28
24
39
13
16
22
1
30
40
43
21
2
32
22
34
35
13
17
29
46
20
11
46
44
50
45
40
22
26
38
11
48
6
6
34
33
27
43
44
49
47
10
42
39
12
12
14
40
33
30
15
17
27
22
16
28
29
44
8
11
25
27
6
40
32
10
11
23
34
16
41
38
29
26
7
18
42
35
13
8
10
22
37
32
4
46
46
27
27
12
41
29
38
38
5
49
28
32
3
5
34
43
33
40
10
11
41
34
33
36
20
25
27
29
32
17
11
4
6
6
26
28
15
50
3
44
50
27
28
23
3
1
39
29
29
34
35
27
46
42
31
49
34
37
31
34
47
48
25
42
49
19
11
49
40
25
26
20
9
1
36
4
16
15
37
4
40
19
35
18
22
20
35
6
8
2
8
40
4
45
17
10
7
41
43
47
37
2
10
3
29
31
15
39
40
37
27
16
27
45
9
17
43
46
32
46
46
15
15
44
33
32
39
13
40
12
45
26
15
15
39
20
40
38
17
23
45
2
12
25
19
21
21
4
40
44
44
1
23
29
30
37
8
1
19
10
10
50
8
40
18
25
33
16
32
33
45
28
24
18
50
23
33
26
1
38
7
31
34
