22
10
24
6
13
2
9
5
32
39
50
30
21
38
20
44
2
28
9
45
37
17
39
21
23
15
3
9
39
42
45
50
45
3
27
1
3
2
34
13
16
15
25
49
4
19
50
31
38
32
26
33
47
45
38
24
6
44
48
11
17
27
15
8
26
38
21
29
7
37
3
45
41
13
33
26
39
35
10
14
47
22
29
25
36
21
23
1
29
19
49
41
13
48
7
49
17
24
48
27
15
18
29
34
3
4
15
17
31
33
2
46
27
29
12
46
48
36
4
6
11
8
20
7
1
35
37
23
43
37
41
24
50
18
8
5
21
7
11
40
21
42
29
45
15
13
13
28
14
17
28
25
1
46
7
33
41
43
1
28
37
18
36
42
26
3
30
40
12
5
26
11
42
33
13
43
22
10
35
17
10
13
46
7
21
11
3
49
46
15
1
18
24
27
45
20
14
21
2
14
38
32
3
34
43
41
18
43
27
43
20
47
33
1
42
50
13
15
34
40
6
11
25
15
28
5
39
36
22
15
36
33
12
14
10
18
16
50
42
44
40
44
40
31
38
43
29
50
2
3
50
13
27
50
45
40
37
11
43
8
35
37
43
1
15
31
42
38
44
39
21
24
19
45
4
5
30
15
50
18
21
18
34
25
34
11
24
5
26
10
4
47
21
31
3
30
28
35
36
30
9
41
39
41
8
20
23
44
31
40
47
3
46
29
17
22
34
1
37
16
4
27
3
24
48
28
29
28
24
32
43
26
10
17
5
41
30
50
35
36
48
43
42
32
50
17
15
42
38
29
4
39
14
17
46
49
11
48
13
40
26
31
15
22
47
38
50
32
50
47
2
14
14
11
30
8
11
30
22
28
8
3
36
30
46
44
13
18
27
24
17
8
24
46
10
42
15
33
19
16
41
37
8
11
31
17
34
29
37
46
12
9
1
27
44
27
17
22
11
16
38
32
38
39
6
24
3
28
14
50
42
41
25
9
29
19
34
10
18
8
6
47
14
36
36
21
8
3
13
20
2
37
26
31
32
38
1
21
9
31
12
25
8
9
14
31
9
15
12
14
26
13
14
13
41
37
19
46
13
31
37
31
35
10
47
24
1
50
37
1
24
20
38
19
7
48
20
16
2
43
44
40
16
21
36
20
34
31
33
48
40
16
30
49
47
47
16
25
37
23
6
42
25
8
19
11
30
49
30
11
27
22
49
11
20
26
3
4
21
5
38
9
30
35
44
14
17
47
19
40
41
19
47
9
30
30
37
13
34
13
36
50
32
48
44
3
12
21
38
40
32
5
36
11
1
40
35
14
43
13
24
10
41
4
42
35
29
42
7
39
20
11
32
7
22
25
18
39
34
29
3
29
35
38
46
19
33
25
15
6
25
33
13
19
31
37
15
14
16
30
50
37
18
6
27
25
3
48
19
4
42
10
18
1
26
34
42
17
12
8
16
41
12
24
22
14
19
32
8
14
43
28
45
41
48
39
10
2
35
7
1
25
12
23
27
29
42
29
7
15
40
16
21
9
13
34
50
32
37
23
7
45
32
7
32
27
26
28
39
34
43
42
32
1
4
49
44
4
23
1
45
9
5
45
1
45
19
18
19
47
18
49
36
40
2
16
33
35
43
27
39
34
4
23
22
6
45
32
44
26
47
22
7
18
14
25
20
44
38
7
9
25
33
46
15
3
2
43
39
5
9
46
3
49
30
34
7
3
19
29
32
5
26
28
29
16
39
46
47
39
39
11
47
45
32
8
27
15
17
35
45
24
49
41
24
49
28
24
42
19
26
24
15
23
9
37
36
40
26
2
40
49
19
21
10
28
17
3
48
6
30
34
20
33
21
10
19
25
12
15
21
30
47
3
39
15
3
49
3
4
14
47
29
28
16
25
48
29
6
6
44
37
44
21
15
50
42
1
33
1
33
33
42
12
24
42
37
5
6
41
32
28
20
5
25
35
3
40
6
50
25
46
22
45
24
26
6
8
28
37
46
4
19
36
46
6
3
9
45
9
49
37
41
29
34
6
31
15
30
8
20
2
5
8
1
1
44
46
29
44
44
1
41
3
30
23
15
40
40
26
25
46
4
32
17
21
28
23
21
37
33
47
21
38
44
8
43
33
2
34
46
19
23
33
43
9
24
36
33
16
18
48
50
19
2
33
24
36
24
29
31
2
10
19
50
50
28
22
47
3
46
40
10
29
38
41
13
32
36
43
6
16
26
46
8
3
16
12
37
47
32
10
12
11
4
16
40
21
24
31
